%YAML:1.0
S: !!opencv-matrix
   rows: 3
   cols: 10
   dt: d
   data: [ -0.10806, -0.08311219, -0.01366283, -0.17803192, 0.35248252, -0.22583666, -0.08702712, -0.18117298, -0.21189395, 0.09170927, -0.04853471, 0.33912364, 0.10395871, -0.14896078, 0.32217082, 0.46570831, 0.13694070, -0.33354654, -0.07738250, 0.00752613, 0.08550044, -0.09549809, 0.16034835, 0.18219176, -0.07973736, -0.22464223, -0.15739344, -0.03564159, 0.02912518, 0.01334676 ]
W1: !!opencv-matrix
   rows: 2
   cols: 10
   dt: d
   data: [ -0.10806, -0.08311219, -0.17803192, 0.35248252, -0.08702712, -0.18117298, 0.09170927, -0.04853471, 0.10395871, -0.14896078, 0.46570831, 0.13694070, -0.07738250, 0.00752613, -0.09549809, 0.16034835, -0.07973736, -0.22464223, -0.03564159, 0.02912518 ]
P1: !!opencv-matrix
   rows: 3
   cols: 4
   dt: d
   data: [ 1, 0.00000000, 0.00000000, 0.00000000, 1.00000000, 0.00000000, 0.00000000, 0.00000000, 0.00000000, 0.00000000, 0.00000000, 1.00000000 ]
R1: !!opencv-matrix
   rows: 3
   cols: 3
   dt: d
   data: [ 1, 0.00000000, 0.00000000, 0.00000000, 1.00000000, 0.00000000, 0.00000000, 0.00000000, 1.00000000 ]
t1: !!opencv-matrix
   rows: 3
   cols: 1
   dt: d
   data: [ 0, 0.00000000, 0.50021320 ]
W2: !!opencv-matrix
   rows: 2
   cols: 10
   dt: d
   data: [ -0.079249, -0.06906958, 0.28622169, -0.34193579, -0.22752563, -0.17970617, 0.04021728, 0.31266919, -0.06149837, 0.32590763, 0.02359427, 0.05497143, 0.03327446, 0.00721007, 0.20699661, 0.03804162, -0.25509691, -0.12847096, 0.03306557, -0.01961743 ]
P2: !!opencv-matrix
   rows: 3
   cols: 4
   dt: d
   data: [ -0.040884, 0.67928151, 0.00000000, 0.96270983, -0.16950291, 0.00000000, 0.26742908, 0.71403459, 0.00000000, 0.00000000, 0.00000000, 1.00000000 ]
R2: !!opencv-matrix
   rows: 3
   cols: 3
   dt: d
   data: [ -0.040884, 0.67928151, 0.73273813, 0.96270983, -0.16950291, 0.21085196, 0.26742908, 0.71403459, -0.64702109 ]
t2: !!opencv-matrix
   rows: 3
   cols: 1
   dt: d
   data: [ 0, 0.00000000, 0.50021320 ]
W3: !!opencv-matrix
   rows: 2
   cols: 10
   dt: d
   data: [ 0.071356, 0.03335261, 0.18869829, -0.40948354, -0.03611239, -0.05734569, 0.00831878, 0.30034302, -0.03561585, 0.35105969, -0.48981742, -0.30942867, 0.09901165, 0.05576445, 0.18736465, 0.03360945, -0.03777175, 0.01271681, 0.04456789, -0.01058813 ]
P3: !!opencv-matrix
   rows: 3
   cols: 4
   dt: d
   data: [ -0.91038, 0.07534249, 0.00000000, 0.27411600, -0.62674843, 0.00000000, 0.30995489, 0.77557070, 0.00000000, 0.00000000, 0.00000000, 1.00000000 ]
R3: !!opencv-matrix
   rows: 3
   cols: 3
   dt: d
   data: [ -0.91038, 0.07534249, 0.40686008, 0.27411600, -0.62674843, 0.72941540, 0.30995489, 0.77557070, 0.54992550 ]
t3: !!opencv-matrix
   rows: 3
   cols: 1
   dt: d
   data: [ 0, 0.00000000, 0.50021320 ]
