%YAML:1.0
S: !!opencv-matrix
   rows: 3
   cols: 10
   dt: d
   data: [ 0.15644, 0.37057, -0.37389, 0.26818, 0.15341, -0.46395, -0.26637, -0.18287, 0.25289, 0.37762, -0.45349, 0.17297, 0.33681, -0.13412, 0.1046, -0.37692, -0.29271, 0.18703, 0.14391, 0.28926, 0.092828, -0.50966, 0.057806, 0.30405, 0.063892, 0.085632, 0.11971, -0.1939, 0.10652, -0.39624 ]
W1: !!opencv-matrix
   rows: 2
   cols: 10
   dt: d
   data: [ 0.15644, 0.37057, 0.26818, 0.15341, -0.26637, -0.18287, 0.37762, -0.45349, 0.33681, -0.13412, -0.37692, -0.29271, 0.14391, 0.28926, -0.50966, 0.057806, 0.063892, 0.085632, -0.1939, 0.10652 ]
P1: !!opencv-matrix
   rows: 3
   cols: 4
   dt: d
   data: [ 1, 6.0715e-18, 0, 6.0715e-18, 1, 0, 1.3878e-17, 5.5511e-17, 0, 0, 0, 1 ]
R1: !!opencv-matrix
   rows: 3
   cols: 3
   dt: d
   data: [ 1, 6.0715e-18, 1.3878e-17, 6.0715e-18, 1, 5.5511e-17, 1.3878e-17, 5.5511e-17, 1 ]
t1: !!opencv-matrix
   rows: 3
   cols: 1
   dt: d
   data: [ 0, 0, 0.6546 ]
W2: !!opencv-matrix
   rows: 2
   cols: 10
   dt: d
   data: [ -0.54709, -0.046102, -0.48311, -0.10127, 0.3736, -0.053156, 0.30919, 0.22994, 0.051209, 0.25207, 0.44774, -0.2042, -0.19708, 0.24565, 0.31153, -0.10379, -0.0084317, 0.15073, -0.25757, -0.36987 ]
P2: !!opencv-matrix
   rows: 3
   cols: 4
   dt: d
   data: [ -0.325, 0.65256, 0, -0.71739, 0.3015, 0, 0.61622, 0.69517, 0, 0, 0, 1 ]
R2: !!opencv-matrix
   rows: 3
   cols: 3
   dt: d
   data: [ -0.325, 0.65256, -0.6845, -0.71739, 0.3015, 0.62805, 0.61622, 0.69517, 0.37015 ]
t2: !!opencv-matrix
   rows: 3
   cols: 1
   dt: d
   data: [ 0, 0, 0.6546 ]
W3: !!opencv-matrix
   rows: 2
   cols: 10
   dt: d
   data: [ -0.23108, 0.15806, -0.13152, 0.3818, 0.016538, -0.20473, 0.529, 0.24807, 0.35298, 0.12114, -0.067384, -0.1418, 0.065238, -0.16205, -0.21021, -0.46253, 0.089944, -0.11008, -0.4135, 0.17211 ]
P3: !!opencv-matrix
   rows: 3
   cols: 4
   dt: d
   data: [ 0.73123, 0.39363, 0, -0.32988, -0.51079, 0, 0.59706, -0.7643, 0, 0, 0, 1 ]
R3: !!opencv-matrix
   rows: 3
   cols: 3
   dt: d
   data: [ 0.73123, 0.39363, 0.5571, -0.32988, -0.51079, 0.7939, 0.59706, -0.7643, -0.24365 ]
t3: !!opencv-matrix
   rows: 3
   cols: 1
   dt: d
   data: [ 0, 0, 0.6546 ]
